Id,Surname,DepartureDate,ShopNumber,BookingRef
-834,Martin,2013-06-25,9999,12347833
-831,Martin,2013-06-24,9999,12347830
-790,Martin,2013-06-09,9999,12347789
-789,Martin,2013-06-21,9999,12347788
-786,Martin,2013-06-20,9999,12347785
-777,Martin,2013-06-23,9999,12347776
-771,Martin,2013-06-12,9999,12347770
-762,Martin,2013-06-21,9999,12347761
-759,Martin,2013-06-10,9999,12347758
-737,Martin,2013-06-26,9999,12347736
-735,Martin,2013-06-23,9999,12347734
-731,Martin,2013-06-12,9999,12347730
-730,Martin,2013-06-25,9999,12347729
-728,Martin,2013-06-09,9999,12347727
-723,Martin,2013-06-21,9999,12347722
-709,Martin,2013-06-28,9999,12347708
-705,Martin,2013-06-07,9999,12347704
-697,Martin,2013-06-13,9999,12347696
-688,Martin,2013-06-24,9999,12347687
-678,Martin,2013-07-04,9999,12347677
-675,Martin,2013-06-10,9999,12347674
-668,Martin,2013-06-08,9999,12347667
-665,Martin,2013-06-11,9999,12347664
-664,Martin,2013-06-01,9999,12347663
-662,Martin,2013-06-03,9999,12347661
-656,Martin,2013-06-07,9999,12347655
-652,Martin,2013-06-25,9999,12347651
-650,Martin,2013-06-06,9999,12347649
-635,Martin,2013-06-03,9999,12347634
-632,Martin,2013-06-05,9999,12347631
-631,Martin,2013-06-24,9999,12347630
-618,Martin,2013-06-11,9999,12347617
-617,Martin,2013-06-24,9999,12347616
-616,Martin,2013-06-04,9999,12347615
-615,Martin,2013-06-18,9999,12347614
-614,Martin,2013-06-11,9999,12347613
-607,Martin,2013-06-24,9999,12347606
-604,Martin,2013-06-24,9999,12347603
-599,Martin,2013-06-03,9999,12347598
-598,Martin,2013-06-25,9999,12347597
-595,Martin,2013-06-09,9999,12347594
-592,Martin,2013-06-07,9999,12347591
-589,Martin,2013-06-28,9999,12347588
-588,Martin,2013-05-22,9999,12347587
-587,Martin,2013-04-19,9999,12347586
-586,Martin,2013-06-26,9999,12347585
-585,Martin,2013-04-16,9999,12347584
-584,Martin,2013-05-06,9999,12347583
-583,Martin,2013-05-19,9999,12347582
-582,Martin,2013-05-25,9999,12347581
-581,Martin,2013-05-25,9999,12347580
-580,Martin,2013-05-17,9999,12347579
-579,Martin,2013-05-08,9999,12347578
-578,Martin,2013-05-11,9999,12347577
-577,Martin,2013-06-21,9999,12347576
-576,Martin,2013-06-19,9999,12347575
-575,Martin,2013-06-13,9999,12347574
-574,Martin,2013-05-01,9999,12347573
-573,Martin,2013-05-09,9999,12347572
-572,Martin,2013-05-15,9999,12347571
-571,Martin,2013-04-16,9999,12347570
-570,Martin,2013-06-25,9999,12347569
-569,Martin,2013-04-16,9999,12347568
-568,Martin,2013-05-06,9999,12347567
-567,Martin,2013-04-20,9999,12347566
-566,Martin,2013-05-12,9999,12347565
-564,Martin,2013-05-10,9999,12347563
-563,Martin,2013-04-16,9999,12347562
-562,Martin,2013-06-19,9999,12347561
-561,Martin,2013-06-29,9999,12347560
-560,Martin,2013-04-15,9999,12347559
-559,Martin,2013-04-16,9999,12347558
-558,Martin,2013-05-17,9999,12347557
-557,Martin,2013-05-19,9999,12347556
-556,Martin,2013-06-25,9999,12347555
-555,Martin,2013-05-11,9999,12347554
-554,Martin,2013-05-07,9999,12347553
-553,Martin,2013-06-14,9999,12347552
-552,Martin,2013-05-27,9999,12347551
-551,Martin,2013-05-02,9999,12347550
-550,Martin,2013-06-08,9999,12347549
-548,Martin,2013-06-14,9999,12347547
-547,Martin,2013-05-11,9999,12347546
-546,Martin,2013-06-14,9999,12347545
-545,Martin,2013-04-19,9999,12347544
-544,Martin,2013-05-25,9999,12347543
-543,Martin,2013-05-24,9999,12347542
-542,Martin,2013-06-15,9999,12347541
-541,Martin,2013-06-09,9999,12347540
-540,Martin,2013-05-18,9999,12347539
-539,Martin,2013-05-04,9999,12347538
-538,Martin,2013-04-21,9999,12347537
-537,Martin,2013-05-24,9999,12347536
-536,Martin,2013-04-23,9999,12347535
-535,Martin,2013-06-15,9999,12347534
-534,Martin,2013-05-09,9999,12347533
-533,Martin,2013-06-11,9999,12347532
-532,Martin,2013-04-13,9999,12347531
-531,Martin,2013-04-20,9999,12347530
-530,Martin,2013-04-20,9999,12347529
-529,Martin,2013-07-03,9999,12347528
-528,Martin,2013-04-30,9999,12347527
-527,Martin,2013-06-01,9999,12347526
-526,Martin,2013-05-05,9999,12347525
-525,Martin,2013-06-15,9999,12347524
-524,Martin,2013-05-23,9999,12347523
-523,Martin,2013-05-07,9999,12347522
-522,Martin,2013-06-09,9999,12347521
-521,Martin,2013-05-07,9999,12347520
-520,Martin,2013-06-04,9999,12347519
-519,Martin,2013-06-04,9999,12347518
-518,Martin,2013-04-14,9999,12347517
-517,Martin,2013-07-01,9999,12347516
-516,Martin,2013-06-19,9999,12347515
-514,Martin,2013-05-08,9999,12347513
-513,Martin,2013-06-10,9999,12347512
-512,Martin,2013-04-23,9999,12347511
-511,Martin,2013-06-14,9999,12347510
-510,Martin,2013-06-14,9999,12347509
-509,Martin,2013-05-07,9999,12347508
-508,Martin,2013-04-20,9999,12347507
-507,Martin,2013-06-13,9999,12347506
-506,Martin,2013-06-02,9999,12347505
-505,Martin,2013-06-21,9999,12347504
-504,Martin,2013-06-10,9999,12347503
-502,Martin,2013-06-27,9999,12347501
-501,Martin,2013-05-24,9999,12347500
-500,Martin,2013-06-19,9999,12347499
-499,Martin,2013-05-04,9999,12347498
-498,Martin,2013-06-16,9999,12347497
-497,Martin,2013-07-02,9999,12347496
-496,Martin,2013-05-05,9999,12347495
-495,Martin,2013-06-07,9999,12347494
-494,Martin,2013-06-16,9999,12347493
-493,Martin,2013-05-14,9999,12347492
-492,Martin,2013-06-22,9999,12347491
-491,Martin,2013-05-15,9999,12347490
-490,Martin,2013-04-19,9999,12347489
-489,Martin,2013-06-02,9999,12347488
-488,Martin,2013-06-11,9999,12347487
-487,Martin,2013-06-30,9999,12347486
-486,Martin,2013-06-25,9999,12347485
-485,Martin,2013-06-12,9999,12347484
-484,Martin,2013-05-23,9999,12347483
-483,Martin,2013-06-05,9999,12347482
-482,Martin,2013-05-28,9999,12347481
-481,Martin,2013-04-12,9999,12347480
-480,Martin,2013-06-22,9999,12347479
-479,Martin,2013-06-02,9999,12347478
-478,Martin,2013-06-29,9999,12347477
-477,Martin,2013-06-28,9999,12347476
-476,Martin,2013-05-10,9999,12347475
-475,Martin,2013-05-05,9999,12347474
-474,Martin,2013-06-06,9999,12347473
-473,Martin,2013-06-06,9999,12347472
-471,Martin,2013-07-01,9999,12347470
-470,Martin,2013-05-29,9999,12347469
-469,Martin,2013-06-16,9999,12347468
-468,Martin,2013-04-14,9999,12347467
-467,Martin,2013-05-25,9999,12347466
-466,Martin,2013-07-03,9999,12347465
-465,Martin,2013-06-06,9999,12347464
-464,Martin,2013-05-12,9999,12347463
-463,Martin,2013-05-12,9999,12347462
-462,Martin,2013-05-09,9999,12347461
-461,Martin,2013-06-21,9999,12347460
-460,Martin,2013-05-15,9999,12347459
-459,Martin,2013-05-01,9999,12347458
-458,Martin,2013-04-16,9999,12347457
-457,Martin,2013-06-19,9999,12347456
-456,Martin,2013-04-12,9999,12347455
-455,Martin,2013-05-04,9999,12347454
-454,Martin,2013-04-18,9999,12347453
-453,Martin,2013-05-20,9999,12347452
-452,Martin,2013-06-08,9999,12347451
-451,Martin,2013-06-08,9999,12347450
-450,Martin,2013-06-25,9999,12347449
-449,Martin,2013-05-14,9999,12347448
-447,Martin,2013-04-24,9999,12347446
-446,Martin,2013-04-14,9999,12347445
-445,Martin,2013-05-05,9999,12347444
-444,Martin,2013-06-03,9999,12347443
-443,Martin,2013-05-14,9999,12347442
-442,Martin,2013-06-17,9999,12347441
-441,Martin,2013-06-05,9999,12347440
-440,Martin,2013-05-03,9999,12347439
-439,Martin,2013-06-03,9999,12347438
-438,Martin,2013-06-02,9999,12347437
-437,Martin,2013-05-03,9999,12347436
-436,Martin,2013-04-23,9999,12347435
-435,Martin,2013-05-17,9999,12347434
-434,Martin,2013-05-02,9999,12347433
-433,Martin,2013-06-17,9999,12347432
-432,Martin,2013-04-16,9999,12347431
-431,Martin,2013-07-03,9999,12347430
-430,Martin,2013-07-02,9999,12347429
-429,Martin,2013-06-14,9999,12347428
-428,Martin,2013-06-06,9999,12347427
-427,Martin,2013-04-22,9999,12347426
-426,Martin,2013-06-03,9999,12347425
-425,Martin,2013-06-19,9999,12347424
-424,Martin,2013-07-04,9999,12347423
-423,Martin,2013-05-05,9999,12347422
-422,Martin,2013-05-05,9999,12347421
-421,Martin,2013-06-03,9999,12347420
-420,Martin,2013-05-15,9999,12347419
-419,Martin,2013-05-20,9999,12347418
-418,Martin,2013-06-01,9999,12347417
-416,Martin,2013-06-28,9999,12347415
-415,Martin,2013-05-13,9999,12347414
-414,Martin,2013-04-18,9999,12347413
-413,Martin,2013-05-22,9999,12347412
-412,Martin,2013-04-22,9999,12347411
-411,Martin,2013-06-15,9999,12347410
-410,Martin,2013-06-24,9999,12347409
-409,Martin,2013-04-21,9999,12347408
-408,Martin,2013-06-30,9999,12347407
-407,Martin,2013-06-23,9999,12347406
-406,Martin,2013-06-03,9999,12347405
-405,Martin,2013-05-04,9999,12347404
-404,Martin,2013-04-16,9999,12347403
-403,Martin,2013-06-21,9999,12347402
-402,Martin,2013-06-15,9999,12347401
-401,Martin,2013-05-12,9999,12347400
-400,Martin,2013-05-02,9999,12347399
-399,Martin,2013-06-03,9999,12347398
-398,Martin,2013-06-03,9999,12347397
-397,Martin,2013-05-25,9999,12347396
-396,Martin,2013-05-02,9999,12347395
-395,Martin,2013-04-15,9999,12347394
-394,Martin,2013-05-19,9999,12347393
-393,Martin,2013-05-09,9999,12347392
-392,Martin,2013-04-23,9999,12347391
-391,Martin,2013-07-03,9999,12347390
-390,Martin,2013-07-01,9999,12347389
-389,Martin,2013-05-07,9999,12347388
-388,Martin,2013-06-18,9999,12347387
-387,Martin,2013-05-12,9999,12347386
-386,Martin,2013-06-01,9999,12347385
-385,Martin,2013-07-02,9999,12347384
-384,Martin,2013-05-03,9999,12347383
-383,Martin,2013-06-19,9999,12347382
-382,Martin,2013-04-16,9999,12347381
-381,Martin,2013-04-13,9999,12347380
-380,Martin,2013-04-18,9999,12347379
-379,Martin,2013-06-11,9999,12347378
-378,Martin,2013-06-13,9999,12347377
-377,Martin,2013-05-28,9999,12347376
-376,Martin,2013-06-26,9999,12347375
-375,Martin,2013-04-21,9999,12347374
-374,Martin,2013-06-18,9999,12347373
-373,Martin,2013-05-10,9999,12347372
-372,Martin,2013-06-17,9999,12347371
-371,Martin,2013-06-02,9999,12347370
-369,Martin,2013-04-12,9999,12347368
-368,Martin,2013-04-21,9999,12347367
-367,Martin,2013-04-12,9999,12347366
-366,Martin,2013-05-04,9999,12347365
-365,Martin,2013-05-06,9999,12347364
-364,Martin,2013-07-01,9999,12347363
-363,Martin,2013-06-20,9999,12347362
-360,Martin,2013-06-10,9999,12347359
-359,Martin,2013-05-29,9999,12347358
-357,Martin,2013-05-21,9999,12347356
-356,Martin,2013-05-26,9999,12347355
-355,Martin,2013-06-13,9999,12347354
-354,Martin,2013-05-14,9999,12347353
-353,Martin,2013-06-11,9999,12347352
-352,Martin,2013-06-09,9999,12347351
-351,Martin,2013-07-01,9999,12347350
-350,Martin,2013-06-24,9999,12347349
-349,Martin,2013-05-17,9999,12347348
-348,Martin,2013-04-14,9999,12347347
-347,Martin,2013-06-17,9999,12347346
-346,Martin,2013-05-08,9999,12347345
-345,Martin,2013-06-09,9999,12347344
-344,Martin,2013-06-03,9999,12347343
-343,Martin,2013-05-26,9999,12347342
-342,Martin,2013-05-12,9999,12347341
-341,Martin,2013-04-23,9999,12347340
-340,Martin,2013-06-25,9999,12347339
-339,Martin,2013-06-07,9999,12347338
-338,Martin,2013-05-14,9999,12347337
-337,Martin,2013-05-02,9999,12347336
-336,Martin,2013-06-12,9999,12347335
-335,Martin,2013-07-04,9999,12347334
-334,Martin,2013-05-14,9999,12347333
-333,Martin,2013-06-02,9999,12347332
-332,Martin,2013-05-07,9999,12347331
-331,Martin,2013-06-02,9999,12347330
-330,Martin,2013-07-01,9999,12347329
-329,Martin,2013-05-24,9999,12347328
-328,Martin,2013-07-02,9999,12347327
-327,Martin,2013-06-06,9999,12347326
-326,Martin,2013-05-02,9999,12347325
-325,Martin,2013-06-30,9999,12347324
-324,Martin,2013-05-04,9999,12347323
-323,Martin,2013-05-11,9999,12347322
-322,Martin,2013-07-01,9999,12347321
-321,Martin,2013-06-21,9999,12347320
-320,Martin,2013-04-12,9999,12347319
-319,Martin,2013-06-19,9999,12347318
-318,Martin,2013-06-19,9999,12347317
-317,Martin,2013-05-03,9999,12347316
-316,Martin,2013-06-20,9999,12347315
-315,Martin,2013-04-13,9999,12347314
-314,Martin,2013-04-19,9999,12347313
-313,Martin,2013-05-11,9999,12347312
-312,Martin,2013-04-16,9999,12347311
-311,Martin,2013-05-13,9999,12347310
-310,Martin,2013-06-29,9999,12347309
-309,Martin,2013-06-17,9999,12347308
-308,Martin,2013-04-13,9999,12347307
-307,Martin,2013-06-09,9999,12347306
-306,Martin,2013-06-21,9999,12347305
-305,Martin,2013-05-31,9999,12347304
-304,Martin,2013-05-26,9999,12347303
-303,Martin,2013-04-17,9999,12347302
-301,Martin,2013-05-27,9999,12347300
-300,Martin,2013-04-13,9999,12347299
-299,Martin,2013-04-16,9999,12347298
-298,Martin,2013-06-21,9999,12347297
-297,Martin,2013-06-19,9999,12347296
-296,Martin,2013-06-03,9999,12347295
-295,Martin,2013-06-21,9999,12347294
-294,Martin,2013-06-21,9999,12347293
-293,Martin,2013-06-30,9999,12347292
-292,Martin,2013-05-20,9999,12347291
-291,Martin,2013-05-14,9999,12347290
-290,Martin,2013-04-16,9999,12347289
-289,Martin,2013-04-21,9999,12347288
-288,Martin,2013-04-23,9999,12347287
-287,Martin,2013-04-27,9999,12347286
-286,Martin,2013-06-08,9999,12347285
-285,Martin,2013-04-16,9999,12347284
-284,Martin,2013-05-25,9999,12347283
-283,Martin,2013-07-01,9999,12347282
-282,Martin,2013-04-14,9999,12347281
-280,Martin,2013-05-01,9999,12347279
-279,Martin,2013-06-02,9999,12347278
-278,Martin,2013-06-01,9999,12347277
-277,Martin,2013-04-29,9999,12347276
-276,Martin,2013-04-23,9999,12347275
-275,Martin,2013-06-21,9999,12347274
-274,Martin,2013-06-14,9999,12347273
-273,Martin,2013-04-14,9999,12347272
-272,Martin,2013-10-13,9999,12347271
-271,Martin,2013-06-14,9999,12347270
-270,Martin,2013-04-15,9999,12347269
-269,Martin,2013-06-20,9999,12347268
-268,Martin,2013-06-28,9999,12347267
-267,Martin,2013-05-25,9999,12347266
-266,Martin,2013-04-16,9999,12347265
-265,Martin,2013-06-18,9999,12347264
-264,Martin,2013-05-17,9999,12347263
-263,Martin,2013-05-14,9999,12347262
-262,Martin,2013-07-03,9999,12347261
-261,Martin,2013-07-01,9999,12347260
-260,Martin,2013-04-19,9999,12347259
-259,Martin,2013-06-13,9999,12347258
-258,Martin,2013-05-27,9999,12347257
-257,Martin,2013-05-01,9999,12347256
-256,Martin,2013-04-25,9999,12347255
-255,Martin,2013-06-29,9999,12347254
-254,Martin,2013-06-24,9999,12347253
-253,Martin,2013-07-03,9999,12347252
-252,Martin,2013-05-08,9999,12347251
-251,Martin,2013-06-11,9999,12347250
-250,Martin,2013-04-19,9999,12347249
-249,Martin,2013-04-19,9999,12347248
-248,Martin,2013-06-06,9999,12347247
-247,Martin,2013-04-14,9999,12347246
-246,Martin,2013-05-02,9999,12347245
-245,Martin,2013-06-30,9999,12347244
-244,Martin,2013-06-18,9999,12347243
-243,Martin,2013-06-23,9999,12347242
-242,Martin,2013-05-30,9999,12347241
-241,Martin,2013-06-14,9999,12347240
-240,Martin,2013-06-02,9999,12347239
-239,Martin,2013-06-26,9999,12347238
-238,Martin,2013-06-03,9999,12347237
-237,Martin,2013-04-12,9999,12347236
-236,Martin,2013-05-30,9999,12347235
-235,Martin,2013-04-17,9999,12347234
-234,Martin,2013-06-07,9999,12347233
-233,Martin,2013-06-05,9999,12347232
-232,Martin,2013-05-10,9999,12347231
-231,Martin,2013-06-17,9999,12347230
-230,Martin,2013-05-16,9999,12347229
-229,Martin,2013-05-04,9999,12347228
-228,Martin,2013-05-09,9999,12347227
-227,Martin,2013-01-25,9999,12347226
-226,Martin,2013-01-24,9999,12347225
-225,Martin,2013-06-05,9999,12347224
-224,Martin,2013-04-15,9999,12347223
-223,Martin,2013-03-20,9999,12347222
-222,Martin,2013-03-15,9999,12347221
-221,Martin,2013-02-17,9999,12347220
-220,Martin,2013-01-16,9999,12347219
-219,Martin,2013-06-26,9999,12347218
-218,Martin,2013-03-12,9999,12347217
-217,Martin,2013-05-11,9999,12347216
-215,Martin,2012-12-01,9999,12347214
-214,Martin,2013-04-26,9999,12347213
-213,Martin,2013-06-01,9999,12347212
-212,Martin,2013-03-20,9999,12347211
-211,Martin,2013-05-31,9999,12347210
-209,Martin,2013-03-30,9999,12347208
-208,Martin,2013-02-27,9999,12347207
-207,Martin,2013-02-09,9999,12347206
-206,Martin,2013-04-15,9999,12347205
-205,Martin,2013-04-25,9999,12347204
-204,Martin,2013-03-10,9999,12347203
-203,Martin,2013-02-21,9999,12347202
-202,Martin,2013-05-28,9999,12347201
-201,Martin,2013-05-01,9999,12347200
-200,Martin,2013-05-08,9999,12347199
-199,Martin,2013-06-28,9999,12347198
-198,Martin,2013-05-06,9999,12347197
-197,Martin,2013-01-06,9999,12347196
-196,Martin,2013-05-18,9999,12347195
-195,Martin,2013-06-09,9999,12347194
-194,Martin,2012-12-24,9999,12347193
-193,Martin,2013-02-18,9999,12347192
-192,Martin,2013-01-01,9999,12347191
-191,Martin,2012-12-30,9999,12347190
-190,Martin,2013-05-04,9999,12347189
-189,Martin,2012-12-30,9999,12347188
-188,Martin,2013-05-06,9999,12347187
-187,Martin,2013-01-16,9999,12347186
-186,Martin,2013-04-01,9999,12347185
-185,Martin,2013-03-02,9999,12347184
-184,Martin,2013-06-17,9999,12347183
-183,Martin,2013-01-29,9999,12347182
-182,Martin,2013-04-28,9999,12347181
-181,Martin,2013-02-14,9999,12347180
-180,Martin,2012-12-28,9999,12347179
-179,Martin,2013-06-17,9999,12347178
-178,Martin,2013-05-12,9999,12347177
-177,Martin,2013-06-14,9999,12347176
-175,Martin,2013-04-16,9999,12347174
-174,Martin,2012-12-11,9999,12347173
-173,Martin,2013-05-24,9999,12347172
-172,Martin,2013-05-06,9999,12347171
-171,Martin,2013-01-09,9999,12347170
-170,Martin,2013-01-12,9999,12347169
-169,Martin,2013-05-08,9999,12347168
-168,Martin,2013-01-27,9999,12347167
-167,Martin,2013-05-05,9999,12347166
-166,Martin,2013-05-31,9999,12347165
-165,Martin,2013-05-12,9999,12347164
-164,Martin,2013-02-17,9999,12347163
-163,Martin,2013-05-02,9999,12347162
-162,Martin,2013-05-14,9999,12347161
-161,Martin,2012-12-31,9999,12347160
-160,Martin,2013-06-15,9999,12347159
-159,Martin,2012-12-24,9999,12347158
-158,Martin,2013-02-28,9999,12347157
-157,Martin,2013-01-20,9999,12347156
-156,Martin,2013-08-21,9999,12347155
-155,Martin,2013-01-16,9999,12347154
-154,Martin,2013-01-09,9999,12347153
-153,Martin,2013-08-11,9999,12347152
-152,Martin,2013-08-27,9999,12347151
-151,Martin,2013-08-02,9999,12347150
-150,Martin,2012-12-20,9999,12347149
-149,Martin,2013-08-18,9999,12347148
-148,Martin,2013-05-27,9999,12347147
-147,Martin,2013-06-05,9999,12347146
-146,Martin,2013-08-19,9999,12347145
-145,Martin,2013-04-12,9999,12347144
-144,Martin,2013-08-05,9999,12347143
-143,Martin,2013-05-11,9999,12347142
-142,Martin,2013-01-26,9999,12347141
-141,Martin,2013-04-21,9999,12347140
-140,Martin,2013-06-10,9999,12347139
-139,Martin,2013-01-04,9999,12347138
-138,Martin,2013-06-09,9999,12347137
-137,Martin,2013-05-07,9999,12347136
-136,Martin,2013-06-07,9999,12347135
-135,Martin,2013-08-27,9999,12347134
-134,Martin,2013-05-20,9999,12347133
-133,Martin,2013-06-04,9999,12347132
-132,Martin,2013-08-11,9999,12347131
-131,Martin,2013-08-25,9999,12347130
-130,Martin,2013-05-22,9999,12347129
-129,Martin,2013-05-30,9999,12347128
-128,Martin,2013-07-29,9999,12347127
-127,Martin,2013-07-10,9999,12347126
-126,Martin,2013-04-15,9999,12347125
-125,Martin,2013-08-01,9999,12347124
-124,Martin,2013-08-01,9999,12347123
-122,Martin,2013-02-07,9999,12347121
-121,Martin,2013-02-26,9999,12347120
-120,Martin,2013-08-25,9999,12347119
-119,Martin,2013-02-08,9999,12347118
-118,Martin,2013-08-06,9999,12347117
-117,Martin,2013-05-05,9999,12347116
-116,Martin,2013-07-14,9999,12347115
-115,Martin,2013-07-31,9999,12347114
-114,Martin,2013-05-28,9999,12347113
-113,Martin,2013-08-02,9999,12347112
-112,Martin,2013-06-04,9999,12347111
-111,Martin,2013-04-21,9999,12347110
-110,Martin,2013-04-16,9999,12347109
-109,Martin,2013-05-21,9999,12347108
-108,Martin,2013-07-02,9999,12347107
-107,Martin,2013-04-13,9999,12347106
-106,Martin,2013-03-17,9999,12347105
-105,Martin,2013-08-17,9999,12347104
-103,Martin,2013-06-21,9999,12347102
-102,Martin,2013-04-21,9999,12347101
-101,Martin,2013-08-20,9999,12347100
-99,Martin,2013-05-12,9999,12347098
-98,Martin,2013-06-01,9999,12347097
-97,Martin,2013-04-21,9999,12347096
-96,Martin,2013-08-08,9999,12347095
-95,Martin,2013-03-11,9999,12347094
-94,Martin,2013-01-09,9999,12347093
-93,Martin,2013-07-24,9999,12347092
-92,Martin,2013-08-03,9999,12347091
-91,Martin,2013-08-17,9999,12347090
-90,Martin,2013-08-07,9999,12347089
-89,Martin,2013-06-04,9999,12347088
-88,Martin,2013-06-15,9999,12347087
-86,Martin,2013-08-11,9999,12347085
-85,Martin,2013-05-11,9999,12347084
-84,Martin,2013-07-25,9999,12347083
-83,Martin,2013-08-11,9999,12347082
-82,Martin,2013-04-16,9999,12347081
-81,Martin,2013-07-25,9999,12347080
-80,Martin,2013-05-13,9999,12347079
-79,Martin,2013-08-18,9999,12347078
-78,Martin,2013-07-24,9999,12347077
-77,Martin,2013-08-02,9999,12347076
-76,Martin,2013-01-03,9999,12347075
-75,Martin,2013-03-30,9999,12347074
-74,Martin,2013-05-11,9999,12347073
-73,Martin,2013-01-22,9999,12347072
-72,Martin,2013-08-07,9999,12347071
-71,Martin,2013-07-27,9999,12347070
-70,Martin,2013-05-22,9999,12347069
-69,Martin,2013-07-06,9999,12347068
-68,Martin,2013-07-12,9999,12347067
-67,Martin,2013-08-05,9999,12347066
-65,Martin,2013-07-19,9999,12347064
-64,Martin,2013-08-17,9999,12347063
-63,Martin,2013-04-21,9999,12347062
-62,Martin,2013-08-12,9999,12347061
-61,Martin,2013-05-05,9999,12347060
-60,Martin,2013-07-04,9999,12347059
-59,Martin,2013-07-06,9999,12347058
-58,Martin,2013-08-20,9999,12347057
-57,Martin,2013-05-09,9999,12347056
-56,Martin,2013-08-10,9999,12347055
-55,Martin,2013-09-10,9999,12347054
-54,Martin,2013-09-04,9999,12347053
-53,Martin,2013-08-30,9999,12347052
-52,Martin,2013-05-10,9999,12347051
-51,Martin,2013-12-27,9999,12347050
-50,Martin,2013-06-21,9999,12347049
-49,Martin,2013-06-16,9999,12347048
-48,Martin,2013-11-05,9999,12347047
-47,Martin,2013-06-04,9999,12347046
-45,Martin,2014-01-19,9999,12347044
-44,Martin,2013-05-03,9999,12347043
-43,Martin,2013-09-03,9999,12347042
-42,Martin,2013-06-04,9999,12347041
-41,Martin,2013-08-09,9999,12347040
-40,Martin,2013-05-31,9999,12347039
-39,Martin,2013-12-06,9999,12347038
-38,Martin,2013-05-17,9999,12347037
-37,Martin,2013-06-21,9999,12347036
-36,Martin,2013-06-18,9999,12347035
-35,Martin,2013-05-13,9999,12347034
-34,Martin,2014-04-18,9999,12347033
-33,Martin,2014-04-22,9999,12347032
-32,Martin,2014-04-22,9999,12347031
-31,Martin,2014-04-25,9999,12347030
-30,Martin,2013-02-19,9999,12347029
-28,Martin,2013-03-19,9999,12347027
-27,Martin,2013-06-22,9999,12347026
-25,Martin,2013-05-28,9999,12347024
-24,Martin,2013-06-05,9999,12347023
-23,Sridhara,2013-09-08,9999,12347022
-22,Sridhara,2012-12-30,9999,12347021
-21,Martin,2013-01-28,9999,12347020
-18,Martin,2013-08-02,9999,12347017
-17,Martin,2013-08-23,9999,12347016
-14,Martin,2013-07-16,9999,12347013
-11,Martin,2013-08-28,9999,12347010
-9,Martin,2013-07-26,9999,12347008
-8,Martin,2013-08-12,9999,12347007
-4,Martin,2013-04-20,9999,12347003
-2,Martin,2013-07-30,9999,12347001
-1,Martin,2013-09-12,9999,12347000